% PROBLEM TITLE = Titulo del problema
%
%  Material Properties
%
props=[1,0.,25000
       1,0.,25000];
%
% Coordinates
%
global coordinates
coordinates = [
       -1.00000   ,         -1.00000   ,         0.00000;
        1.00000   ,         -1.00000   ,         0.00000;
        1.00000   ,         1.00000   ,         0.00000;
       -1.00000   ,         1.00000   ,         0.00000;
       -1.00000   ,         -1.00000   ,         1.00000;
        1.00000   ,         -1.00000   ,         1.00000;
        1.00000   ,         1.00000   ,         1.00000;
       -1.00000   ,         1.00000   ,         1.00000;
       -1.00000   ,         -1.00000   ,         2.00000;
        1.00000   ,         -1.00000   ,         2.00000;
        1.00000   ,         1.00000   ,         2.00000;
       -1.00000   ,         1.00000   ,         2.00000;];
global elements
elements = [1,2,3,4,5,6,7,8
            5,6,7,8,9,10,11,12  ];

bounds=[1,3,0.;
        2,3,0.;
        3,3,0.;
        4,3,0.;
        1,1,0.;
        2,1,0.;
        3,1,0.;
        4,1,0.;
        1,2,0.;
        2,2,0.;
        3,2,0.;
        4,2,0.;
        ];
pload=[9,3,1.;
       10,3,1.;
       11,3,1.;
       12,3,1.;];
bounda=[];