% PROBLEM TITLE = Titulo del problema
%
%  Material Properties
%
propa=[1,1.,1];
%
% Coordinates
%
global coordinatea
coordinatea = [
       -1.00000   ,         -1.00000   ,         0.00000;
        1.00000   ,         -1.00000   ,         0.00000;
        1.00000   ,         1.00000   ,         0.00000;
       -1.00000   ,         1.00000   ,         0.00000;
       -1.00000   ,         -1.00000   ,         1.00000;
        1.00000   ,         -1.00000   ,         1.00000;
        1.00000   ,         1.00000   ,         1.00000;
       -1.00000   ,         1.00000   ,         1.00000;
       -1.00000   ,         -1.00000   ,         2.00000;
        1.00000   ,         -1.00000   ,         2.00000;
        1.00000   ,         1.00000   ,         2.00000;
       -1.00000   ,         1.00000   ,         2.00000;];
global elementa
elementa = [1,2,3,4,5,6,7,8
            5,6,7,8,9,10,11,12  ];

bounda=[1,0.;
        2,0.;
        3,0.;
        4,0.];
pload=[];
aload=[9,1.;
       10,1.;
       11,1.;
       12,1.;];
bounds=[];